[gd_scene load_steps=5 format=3 uid="uid://ckvuw0mf4siw0"]

[sub_resource type="StandardMaterial3D" id="StandardMaterial3D_1nan4"]
albedo_color = Color(0.4, 0.273067, 0.176, 1)

[sub_resource type="ProceduralSkyMaterial" id="ProceduralSkyMaterial_frnfc"]
sky_horizon_color = Color(0.64625, 0.65575, 0.67075, 1)
ground_horizon_color = Color(0.64625, 0.65575, 0.67075, 1)

[sub_resource type="Sky" id="Sky_npwtg"]
sky_material = SubResource("ProceduralSkyMaterial_frnfc")

[sub_resource type="Environment" id="Environment_4ylkk"]
background_mode = 1
background_color = Color(0.07, 0.04648, 0.0308, 1)
sky = SubResource("Sky_npwtg")
ambient_light_source = 3
tonemap_mode = 2
glow_enabled = true

[node name="Floor" type="CSGBox3D" groups=["Hazard"]]
transform = Transform3D(1, 0, 0, 0, 1, 0, 0, 0, 1, 0, -4, 0)
use_collision = true
size = Vector3(30, 8, 5)
material = SubResource("StandardMaterial3D_1nan4")

[node name="Wall" type="CSGBox3D" parent="."]
transform = Transform3D(0.874052, -0.485832, 0, 0.485832, 0.874052, 0, 0, 0, 1, -12.0544, 4.93247, 0)
size = Vector3(4, 10, 4)
material = SubResource("StandardMaterial3D_1nan4")

[node name="Wall2" type="CSGBox3D" parent="."]
transform = Transform3D(0.919924, 0.392096, 0, -0.392096, 0.919924, 0, 0, 0, 1, -12.0544, 11.8042, 0)
size = Vector3(4, 10, 4)
material = SubResource("StandardMaterial3D_1nan4")

[node name="Wall3" type="CSGBox3D" parent="."]
transform = Transform3D(0.999447, 0.0332598, 0, -0.0332598, 0.999447, 0, 0, 0, 1, 13.3329, 11.8042, 0)
size = Vector3(4, 10, 4)
material = SubResource("StandardMaterial3D_1nan4")

[node name="Wall4" type="CSGBox3D" parent="."]
transform = Transform3D(0.848916, 0.528527, 0, -0.528527, 0.848916, 0, 0, 0, 1, 15.3329, 7.86161, 0)
size = Vector3(4, 10, 4)
material = SubResource("StandardMaterial3D_1nan4")

[node name="Ceiling" type="CSGBox3D" parent="."]
transform = Transform3D(-0.168163, 0.985759, 0, -0.985759, -0.168163, 0, 0, 0, 1, -6.17823, 15.9135, 0)
size = Vector3(4, 10, 4)
material = SubResource("StandardMaterial3D_1nan4")

[node name="Ceiling2" type="CSGBox3D" parent="."]
transform = Transform3D(-0.168163, 0.985759, 0, -0.985759, -0.168163, 0, 0, 0, 1, 3.3325, 15.9135, 0)
size = Vector3(4, 10, 4)
material = SubResource("StandardMaterial3D_1nan4")

[node name="Ceiling3" type="CSGBox3D" parent="."]
transform = Transform3D(-0.168163, 0.985759, 0, -0.985759, -0.168163, 0, 0, 0, 1, 7.46129, 15.9135, 0)
size = Vector3(4, 10, 4)
material = SubResource("StandardMaterial3D_1nan4")

[node name="BackgroundRock2" type="CSGBox3D" parent="."]
transform = Transform3D(0.914466, -0.402965, -0.0370285, 0.403156, 0.915128, -0.00248992, 0.0348892, -0.0126514, 0.999311, 7.73784, 3.90032, -4.19941)
size = Vector3(4, 10, 4)
material = SubResource("StandardMaterial3D_1nan4")

[node name="BackgroundRock3" type="CSGBox3D" parent="."]
transform = Transform3D(0.914466, -0.402965, -0.0370285, 0.404259, 0.913807, 0.0391325, 0.0180679, -0.0507545, 0.998548, 3.16843, 3.69543, -4.47784)
size = Vector3(4, 10, 4)
material = SubResource("StandardMaterial3D_1nan4")

[node name="BackgroundRock7" type="CSGBox3D" parent="."]
transform = Transform3D(0.914466, -0.402965, -0.0370285, 0.402737, 0.915212, -0.0137566, 0.0394324, -0.00233284, 0.99922, -8.32156, 3.9241, -4.31079)
size = Vector3(4, 10, 4)
material = SubResource("StandardMaterial3D_1nan4")

[node name="BackgroundRock8" type="CSGBox3D" parent="."]
transform = Transform3D(0.914466, -0.402965, -0.0370285, 0.40239, 0.915199, -0.0221794, 0.042826, 0.00538233, 0.999068, -2.84311, 4.50134, -4.2551)
size = Vector3(4, 10, 4)
material = SubResource("StandardMaterial3D_1nan4")

[node name="DirectionalLight3D" type="DirectionalLight3D" parent="."]
transform = Transform3D(0.984808, -0.111619, 0.133022, 0, 0.766044, 0.642788, -0.173648, -0.633022, 0.754406, 0, 0, 0)
light_energy = 0.5
shadow_enabled = true

[node name="WorldEnvironment" type="WorldEnvironment" parent="."]
environment = SubResource("Environment_4ylkk")

[node name="OmniLight3D" type="OmniLight3D" parent="."]
transform = Transform3D(1, 0, 0, 0, 1, 0, 0, 0, 1, 0, 11.5123, 5.1815)
omni_range = 12.0
omni_attenuation = 0.5

[node name="OmniLight3D2" type="OmniLight3D" parent="."]
transform = Transform3D(1, 0, 0, 0, 1, 0, 0, 0, 1, -7.73393, 11.5123, 5.1815)
omni_range = 12.0
omni_attenuation = 0.5

[node name="OmniLight3D3" type="OmniLight3D" parent="."]
transform = Transform3D(1, 0, 0, 0, 1, 0, 0, 0, 1, 7.11593, 11.5123, 5.1815)
omni_range = 12.0
omni_attenuation = 0.5
