[gd_scene load_steps=2 format=3 uid="uid://ckvuw0mf4siw0"]

[sub_resource type="StandardMaterial3D" id="StandardMaterial3D_1nan4"]
albedo_color = Color(0.4, 0.273067, 0.176, 1)

[node name="Floor" type="CSGBox3D" groups=["Hazard"]]
transform = Transform3D(1, 0, 0, 0, 1, 0, 0, 0, 1, 0, -4, 0)
use_collision = true
size = Vector3(30, 8, 5)
material = SubResource("StandardMaterial3D_1nan4")

[node name="Wall" type="CSGBox3D" parent="."]
transform = Transform3D(0.874052, -0.485832, 0, 0.485832, 0.874052, 0, 0, 0, 1, -12.0544, 4.93247, 0)
size = Vector3(4, 10, 4)
material = SubResource("StandardMaterial3D_1nan4")

[node name="Wall2" type="CSGBox3D" parent="."]
transform = Transform3D(0.919924, 0.392096, 0, -0.392096, 0.919924, 0, 0, 0, 1, -12.0544, 11.8042, 0)
size = Vector3(4, 10, 4)
material = SubResource("StandardMaterial3D_1nan4")

[node name="Wall3" type="CSGBox3D" parent="."]
transform = Transform3D(0.999447, 0.0332598, 0, -0.0332598, 0.999447, 0, 0, 0, 1, 13.3329, 11.8042, 0)
size = Vector3(4, 10, 4)
material = SubResource("StandardMaterial3D_1nan4")

[node name="Wall4" type="CSGBox3D" parent="."]
transform = Transform3D(0.848916, 0.528527, 0, -0.528527, 0.848916, 0, 0, 0, 1, 15.3329, 7.86161, 0)
size = Vector3(4, 10, 4)
material = SubResource("StandardMaterial3D_1nan4")

[node name="Ceiling" type="CSGBox3D" parent="."]
transform = Transform3D(-0.168163, 0.985759, 0, -0.985759, -0.168163, 0, 0, 0, 1, -6.17823, 15.9135, 0)
size = Vector3(4, 10, 4)
material = SubResource("StandardMaterial3D_1nan4")

[node name="Ceiling2" type="CSGBox3D" parent="."]
transform = Transform3D(-0.168163, 0.985759, 0, -0.985759, -0.168163, 0, 0, 0, 1, 3.3325, 15.9135, 0)
size = Vector3(4, 10, 4)
material = SubResource("StandardMaterial3D_1nan4")

[node name="Ceiling3" type="CSGBox3D" parent="."]
transform = Transform3D(-0.168163, 0.985759, 0, -0.985759, -0.168163, 0, 0, 0, 1, 7.46129, 15.9135, 0)
size = Vector3(4, 10, 4)
material = SubResource("StandardMaterial3D_1nan4")

[node name="BackgroundRock" type="CSGBox3D" parent="."]
transform = Transform3D(0.914466, -0.402965, -0.0370285, 0.403719, 0.914752, 0.0155089, 0.0276224, -0.0291315, 0.999194, 12.4484, 7.86161, -4.47785)
size = Vector3(4, 10, 4)
material = SubResource("StandardMaterial3D_1nan4")

[node name="BackgroundRock2" type="CSGBox3D" parent="."]
transform = Transform3D(0.914466, -0.402965, -0.0370285, 0.403156, 0.915128, -0.00248992, 0.0348892, -0.0126514, 0.999311, 7.73784, 9.53873, -4.19941)
size = Vector3(4, 10, 4)
material = SubResource("StandardMaterial3D_1nan4")

[node name="BackgroundRock3" type="CSGBox3D" parent="."]
transform = Transform3D(0.914466, -0.402965, -0.0370285, 0.404259, 0.913807, 0.0391325, 0.0180679, -0.0507545, 0.998548, 3.16843, 7.86161, -4.47784)
size = Vector3(4, 10, 4)
material = SubResource("StandardMaterial3D_1nan4")

[node name="BackgroundRock7" type="CSGBox3D" parent="."]
transform = Transform3D(0.914466, -0.402965, -0.0370285, 0.402737, 0.915212, -0.0137566, 0.0394324, -0.00233284, 0.99922, -8.32156, 7.5189, -4.31079)
size = Vector3(4, 10, 4)
material = SubResource("StandardMaterial3D_1nan4")

[node name="BackgroundRock8" type="CSGBox3D" parent="."]
transform = Transform3D(0.914466, -0.402965, -0.0370285, 0.40239, 0.915199, -0.0221794, 0.042826, 0.00538233, 0.999068, -1.49349, 7.5189, -4.2551)
size = Vector3(4, 10, 4)
material = SubResource("StandardMaterial3D_1nan4")
